-16.0496
-0.172627
-0.218092
0.0675429
2.83816
0.336277
0.301457
0.936732
0.215179
0.333785
0.0712953
-0.0162771
-0.122499
-0.00273484
0.0349274
0.283308
0.714714
0.515662
0.0740666
0.147586
0.492088
0.262315
0.19612
1.05057
0.180652
-3.14977
-0.723604
-55.6228
0.325687
-1.11405
-0.167177
-0.055228
-2.82841
-0.364692
0.252399
-0.968886
0.3356
0.101314
-0.14465
-0.463417
-0.131812
-12.4952
-2.51595
-0.23976
-0.943835
-0.77313
-1.38418
-0.122675
-0.92698
-0.322329
-0.22111
-0.075566
0.249898
1.26926
1.15664
0.874014
2.04676
0.387503

0.104376 0.301818
0.228673 1.37825
0.277523 0.506495
0.0588428 1.29993
0.311492 0.682331
0.0931342 0.260934
0.10901 0.38594
0.106576 0.410974
0.0890952 0.266769
0.24136 0.662815
0.0584529 0.199893
0.525309 0.843888
0.0946363 0.304422
0.0607398 0.347311
0.0504349 0.265585
0.238298 0.721338
0.140595 0.43302
0.181952 0.531599
1.64645 1.78215
0.0877731 0.524193
0.802897 1.19842
0.122839 1.04572
0.102759 0.35786
0.0957211 0.462317
0.537886 1.64906
0.255154 0.848644
0.822562 3.54704
0.113942 0.502737
0.0882979 0.560971
0.0917621 0.408912
0.0550237 0.355754
0.037883 0.264929
0.0983404 0.57263
0.0386503 0.265908
0.0955511 0.50653
0.0865284 0.350497
0.139298 0.431248
0.0147363 0.23572
0.0822119 0.455705
0.0570907 0.294687
0.0473532 0.38337
0.137246 0.78815
0.0474756 0.23043
0.0822719 0.648234
0.298173 0.982058
0.184304 0.913279
0.00467633 0.0674882
0.0281855 0.237583
0.0400517 0.250824
0.136028 0.268396
0.0164364 0.0933435
0.266981 0.840383
0.0757813 0.250582
0.0469388 0.457348
5.23736 33.1424
52.2517 203.558
280.237 559.868
